label,hemi-L_div-Vis_lab-1,hemi-L_div-Vis_lab-2,hemi-L_div-Vis_lab-3,hemi-L_div-Vis_lab-4,hemi-L_div-Vis_lab-5,hemi-L_div-Vis_lab-6,hemi-L_div-Vis_lab-7,hemi-L_div-Vis_lab-8,hemi-L_div-Vis_lab-9,hemi-L_div-Vis_lab-10,hemi-L_div-Vis_lab-11,hemi-L_div-Vis_lab-12,hemi-L_div-Vis_lab-13,hemi-L_div-Vis_lab-14,hemi-L_div-SomMot_lab-1,hemi-L_div-SomMot_lab-2,hemi-L_div-SomMot_lab-3,hemi-L_div-SomMot_lab-4,hemi-L_div-SomMot_lab-5,hemi-L_div-SomMot_lab-6,hemi-L_div-SomMot_lab-7,hemi-L_div-SomMot_lab-8,hemi-L_div-SomMot_lab-9,hemi-L_div-SomMot_lab-10,hemi-L_div-SomMot_lab-11,hemi-L_div-SomMot_lab-12,hemi-L_div-SomMot_lab-13,hemi-L_div-SomMot_lab-14,hemi-L_div-SomMot_lab-15,hemi-L_div-SomMot_lab-16,hemi-L_div-DorsAttn_lab-Post+1,hemi-L_div-DorsAttn_lab-Post+2,hemi-L_div-DorsAttn_lab-Post+3,hemi-L_div-DorsAttn_lab-Post+4,hemi-L_div-DorsAttn_lab-Post+5,hemi-L_div-DorsAttn_lab-Post+6,hemi-L_div-DorsAttn_lab-Post+7,hemi-L_div-DorsAttn_lab-Post+8,hemi-L_div-DorsAttn_lab-Post+9,hemi-L_div-DorsAttn_lab-Post+10,hemi-L_div-DorsAttn_lab-FEF+1,hemi-L_div-DorsAttn_lab-FEF+2,hemi-L_div-DorsAttn_lab-PrCv+1,hemi-L_div-SalVentAttn_lab-ParOper+1,hemi-L_div-SalVentAttn_lab-ParOper+2,hemi-L_div-SalVentAttn_lab-ParOper+3,hemi-L_div-SalVentAttn_lab-FrOper+1,hemi-L_div-SalVentAttn_lab-FrOper+2,hemi-L_div-SalVentAttn_lab-FrOper+3,hemi-L_div-SalVentAttn_lab-FrOper+4,hemi-L_div-SalVentAttn_lab-PFCl+1,hemi-L_div-SalVentAttn_lab-Med+1,hemi-L_div-SalVentAttn_lab-Med+2,hemi-L_div-SalVentAttn_lab-Med+3,hemi-L_div-Limbic_lab-OFC+1,hemi-L_div-Limbic_lab-OFC+2,hemi-L_div-Limbic_lab-TempPole+1,hemi-L_div-Limbic_lab-TempPole+2,hemi-L_div-Limbic_lab-TempPole+3,hemi-L_div-Limbic_lab-TempPole+4,hemi-L_div-Cont_lab-Par+1,hemi-L_div-Cont_lab-Par+2,hemi-L_div-Cont_lab-Par+3,hemi-L_div-Cont_lab-Temp+1,hemi-L_div-Cont_lab-PFCl+1,hemi-L_div-Cont_lab-PFCl+2,hemi-L_div-Cont_lab-PFCl+3,hemi-L_div-Cont_lab-PFCl+4,hemi-L_div-Cont_lab-PFCl+5,hemi-L_div-Cont_lab-PFCl+6,hemi-L_div-Cont_lab-pCun+1,hemi-L_div-Cont_lab-Cing+1,hemi-L_div-Cont_lab-Cing+2,hemi-L_div-Default_lab-Temp+1,hemi-L_div-Default_lab-Temp+2,hemi-L_div-Default_lab-Temp+3,hemi-L_div-Default_lab-Temp+4,hemi-L_div-Default_lab-Temp+5,hemi-L_div-Default_lab-Temp+6,hemi-L_div-Default_lab-Temp+7,hemi-L_div-Default_lab-Temp+8,hemi-L_div-Default_lab-Temp+9,hemi-L_div-Default_lab-PFC+1,hemi-L_div-Default_lab-PFC+2,hemi-L_div-Default_lab-PFC+3,hemi-L_div-Default_lab-PFC+4,hemi-L_div-Default_lab-PFC+5,hemi-L_div-Default_lab-PFC+6,hemi-L_div-Default_lab-PFC+7,hemi-L_div-Default_lab-PFC+8,hemi-L_div-Default_lab-PFC+9,hemi-L_div-Default_lab-PFC+10,hemi-L_div-Default_lab-PFC+11,hemi-L_div-Default_lab-PFC+12,hemi-L_div-Default_lab-PFC+13,hemi-L_div-Default_lab-PCC+1,hemi-L_div-Default_lab-PCC+2,hemi-L_div-Default_lab-PCC+3,hemi-L_div-Default_lab-PCC+4,hemi-L_div-Default_lab-PHC+1,hemi-R_div-Vis_lab-1,hemi-R_div-Vis_lab-2,hemi-R_div-Vis_lab-3,hemi-R_div-Vis_lab-4,hemi-R_div-Vis_lab-5,hemi-R_div-Vis_lab-6,hemi-R_div-Vis_lab-7,hemi-R_div-Vis_lab-8,hemi-R_div-Vis_lab-9,hemi-R_div-Vis_lab-10,hemi-R_div-Vis_lab-11,hemi-R_div-Vis_lab-12,hemi-R_div-Vis_lab-13,hemi-R_div-Vis_lab-14,hemi-R_div-Vis_lab-15,hemi-R_div-SomMot_lab-1,hemi-R_div-SomMot_lab-2,hemi-R_div-SomMot_lab-3,hemi-R_div-SomMot_lab-4,hemi-R_div-SomMot_lab-5,hemi-R_div-SomMot_lab-6,hemi-R_div-SomMot_lab-7,hemi-R_div-SomMot_lab-8,hemi-R_div-SomMot_lab-9,hemi-R_div-SomMot_lab-10,hemi-R_div-SomMot_lab-11,hemi-R_div-SomMot_lab-12,hemi-R_div-SomMot_lab-13,hemi-R_div-SomMot_lab-14,hemi-R_div-SomMot_lab-15,hemi-R_div-SomMot_lab-16,hemi-R_div-SomMot_lab-17,hemi-R_div-SomMot_lab-18,hemi-R_div-SomMot_lab-19,hemi-R_div-DorsAttn_lab-Post+1,hemi-R_div-DorsAttn_lab-Post+2,hemi-R_div-DorsAttn_lab-Post+3,hemi-R_div-DorsAttn_lab-Post+4,hemi-R_div-DorsAttn_lab-Post+5,hemi-R_div-DorsAttn_lab-Post+6,hemi-R_div-DorsAttn_lab-Post+7,hemi-R_div-DorsAttn_lab-Post+8,hemi-R_div-DorsAttn_lab-Post+9,hemi-R_div-DorsAttn_lab-Post+10,hemi-R_div-DorsAttn_lab-FEF+1,hemi-R_div-DorsAttn_lab-FEF+2,hemi-R_div-DorsAttn_lab-PrCv+1,hemi-R_div-SalVentAttn_lab-TempOccPar+1,hemi-R_div-SalVentAttn_lab-TempOccPar+2,hemi-R_div-SalVentAttn_lab-TempOccPar+3,hemi-R_div-SalVentAttn_lab-PrC+1,hemi-R_div-SalVentAttn_lab-FrOper+1,hemi-R_div-SalVentAttn_lab-FrOper+2,hemi-R_div-SalVentAttn_lab-FrOper+3,hemi-R_div-SalVentAttn_lab-FrOper+4,hemi-R_div-SalVentAttn_lab-Med+1,hemi-R_div-SalVentAttn_lab-Med+2,hemi-R_div-SalVentAttn_lab-Med+3,hemi-R_div-Limbic_lab-OFC+1,hemi-R_div-Limbic_lab-OFC+2,hemi-R_div-Limbic_lab-OFC+3,hemi-R_div-Limbic_lab-TempPole+1,hemi-R_div-Limbic_lab-TempPole+2,hemi-R_div-Limbic_lab-TempPole+3,hemi-R_div-Cont_lab-Par+1,hemi-R_div-Cont_lab-Par+2,hemi-R_div-Cont_lab-Par+3,hemi-R_div-Cont_lab-Temp+1,hemi-R_div-Cont_lab-PFCv+1,hemi-R_div-Cont_lab-PFCl+1,hemi-R_div-Cont_lab-PFCl+2,hemi-R_div-Cont_lab-PFCl+3,hemi-R_div-Cont_lab-PFCl+4,hemi-R_div-Cont_lab-PFCl+5,hemi-R_div-Cont_lab-PFCl+6,hemi-R_div-Cont_lab-PFCl+7,hemi-R_div-Cont_lab-pCun+1,hemi-R_div-Cont_lab-PFCmp+1,hemi-R_div-Cont_lab-PFCmp+2,hemi-R_div-Cont_lab-PFCmp+3,hemi-R_div-Cont_lab-PFCmp+4,hemi-R_div-Default_lab-Par+1,hemi-R_div-Default_lab-Par+2,hemi-R_div-Default_lab-Par+3,hemi-R_div-Default_lab-Temp+1,hemi-R_div-Default_lab-Temp+2,hemi-R_div-Default_lab-Temp+3,hemi-R_div-Default_lab-Temp+4,hemi-R_div-Default_lab-Temp+5,hemi-R_div-Default_lab-PFCv+1,hemi-R_div-Default_lab-PFCm+1,hemi-R_div-Default_lab-PFCm+2,hemi-R_div-Default_lab-PFCm+3,hemi-R_div-Default_lab-PFCm+4,hemi-R_div-Default_lab-PFCm+5,hemi-R_div-Default_lab-PFCm+6,hemi-R_div-Default_lab-PFCm+7,hemi-R_div-Default_lab-PCC+1,hemi-R_div-Default_lab-PCC+2,hemi-R_div-Default_lab-PCC+3
hemi-L_div-Vis_lab-1,0.0,27.188728,29.195051,22.916956,44.01649,16.922497,45.13701,36.328793,47.80667,29.319662,42.20303,39.86994,54.593407,48.644817,56.474186,46.203136,43.54551,61.59487,51.43497,69.19048,75.61569,71.504326,75.947876,75.5154,73.20905,81.65223,79.183815,88.98398,81.6712,80.904434,26.185883,36.60732,51.647163,66.25906,62.734955,58.19696,67.768135,69.766266,70.061615,78.64785,80.30361,92.41159,74.75918,47.134422,60.69468,60.451687,52.78654,75.786644,60.342514,71.36444,105.00966,83.36803,61.445488,91.86834,76.06666,91.03686,57.01633,45.969887,68.46165,65.217026,63.307526,60.228718,61.63589,40.39339,96.57904,104.41371,112.990005,99.147354,85.049065,82.05386,53.790257,48.515984,73.36698,70.58429,53.02607,58.579082,43.153873,41.580467,38.685314,51.874714,51.008606,55.03929,75.21824,91.01522,87.15828,116.987465,83.09868,101.000435,116.90332,92.048965,114.739716,103.72251,95.19137,97.87887,102.421555,28.553238,42.463764,56.466152,55.40184,25.62712,67.35184,55.678253,56.258076,40.11827,75.5696,54.03736,42.661373,69.26755,44.33058,49.67295,74.431816,65.95222,54.573296,71.24506,73.98752,86.58083,94.35974,78.1657,78.18703,100.74241,94.05794,103.12956,71.840126,101.9948,100.76508,80.73143,96.68773,93.04993,98.76771,93.684,100.20829,86.84546,87.98599,94.14308,75.388054,78.74721,101.5165,92.91084,88.961235,76.64684,84.291336,85.07097,78.22081,92.393776,98.2635,103.32943,103.50189,83.7638,89.364006,96.37386,106.539566,87.95915,86.79183,98.53804,91.65658,86.30959,69.18307,99.88325,99.78977,92.68083,124.30839,87.122574,86.362434,68.58487,99.55069,96.85605,84.870285,87.94813,94.31684,116.1321,124.53197,120.91687,109.11202,120.62076,117.40066,111.55293,62.74696,57.7374,75.62167,96.99605,106.91942,82.69599,87.56897,92.93255,99.56116,95.11684,92.14205,91.11662,80.360374,111.29127,94.066376,101.51171,90.77618,119.48091,119.819885,111.540764,110.41165,45.27642,52.12322,62.84617
hemi-L_div-Vis_lab-2,27.188728,0.0,25.52543,25.109753,23.910486,37.377876,29.891562,35.300842,31.55105,30.642378,32.503777,40.586723,48.34923,41.433144,77.92246,64.5048,64.85698,82.34366,69.7079,88.150986,94.089615,90.675156,89.835884,90.84378,83.236626,97.42769,91.01611,106.10691,95.27112,94.48809,36.84595,39.637733,53.948902,81.458595,76.715256,68.579575,69.6475,75.91785,76.62396,86.682365,99.56285,112.14341,96.24923,60.154934,76.3102,72.15747,75.80949,99.78372,83.47775,93.481125,128.68169,105.22025,76.10451,110.2172,99.49654,114.51288,76.728065,63.4059,90.057755,87.445244,71.5976,65.64238,73.478676,50.449734,120.2608,127.959946,137.23569,122.738625,107.68827,102.79309,55.275425,66.87739,95.83829,90.80672,69.31835,78.40727,58.899208,53.869465,45.738724,49.214985,58.401447,58.538063,98.6808,114.9877,110.29734,141.10536,105.785034,125.27261,141.14436,115.8427,138.00174,126.563896,116.49905,120.06659,122.97623,39.6254,52.130238,73.37284,64.22314,47.336582,78.29937,68.67767,56.461327,43.040577,75.46644,42.677895,54.526287,60.666534,42.582172,55.439323,72.39271,59.84663,55.1135,68.86,74.88349,101.68549,106.63638,95.180786,92.001366,117.36593,109.234566,119.00445,90.255165,115.11968,116.27615,98.802795,110.257744,103.3705,113.04628,105.45363,116.58354,98.12641,102.67182,106.967445,80.60123,83.125725,115.36525,103.65804,101.31366,78.855316,93.17826,90.63128,85.7101,101.17566,115.46119,122.12122,122.02606,91.8627,98.94882,108.54757,123.929985,106.49783,103.99706,119.70871,110.60064,107.5808,82.71148,118.58966,122.453476,113.7173,147.79492,105.44776,100.27684,85.56226,109.35629,106.238106,89.60267,95.678185,115.19529,138.00145,147.48563,142.57378,129.16048,143.18301,138.29362,130.37955,65.65518,75.63891,97.47313,120.18393,128.28346,84.90842,94.89852,98.40232,117.28587,108.43617,107.714745,102.45388,91.97347,131.20963,117.39826,125.29286,114.422905,143.3068,142.46132,132.84627,131.17854,54.27349,63.04258,70.01742
hemi-L_div-Vis_lab-3,29.195051,25.52543,0.0,38.107502,33.82798,41.035397,47.922745,21.789507,40.158447,39.943413,27.668999,46.497906,56.988262,44.483837,65.91703,50.299885,55.320736,68.94244,55.478416,74.326485,82.520325,88.28879,78.37753,81.31206,76.77443,89.66797,85.18106,100.29305,93.52973,89.931885,26.887993,20.063702,51.712997,67.87715,66.76989,61.432755,69.76951,70.96431,78.08844,84.07228,91.36575,105.50374,84.61855,44.1652,60.439575,56.571236,66.755,91.88919,73.94105,81.52879,120.94019,102.12851,74.61828,106.9833,94.95268,112.18785,73.29511,54.742645,85.9408,78.81094,58.728214,59.157784,62.390324,33.09539,113.43418,119.17405,130.26021,113.19062,97.127426,92.19078,59.472507,67.93131,94.096085,82.26018,55.663967,65.51545,42.793327,36.28857,31.408083,43.091682,42.586266,48.12146,91.433174,112.81188,100.74593,136.61049,94.40331,121.98042,136.67044,112.53498,132.72057,122.957146,106.6436,113.00274,118.411964,44.290596,56.67998,73.90549,66.432175,45.011963,92.61844,81.466774,75.21142,59.393673,94.60362,62.495766,66.95609,80.851425,58.11308,70.07352,90.61233,75.319374,67.01686,80.137474,88.73105,112.800575,119.79857,103.90753,102.88997,127.147156,119.90155,128.00818,92.05575,123.49346,123.36119,99.138176,116.81018,109.9357,117.700905,110.81026,118.694565,100.35201,103.12475,110.11203,98.09688,99.6926,125.50784,113.23859,109.8971,86.76527,102.136734,98.7416,89.660065,106.04588,119.94689,124.19445,129.36139,107.04283,112.95967,120.29859,130.71413,114.89634,113.66031,124.561165,118.2506,107.091034,86.45515,117.64149,123.6496,118.60198,147.39272,112.73039,112.299934,94.64962,121.60242,117.00942,100.815636,112.09345,120.67316,141.56184,148.90134,146.41768,134.32011,144.43518,141.55115,134.66093,75.65517,78.476326,97.41429,118.99575,126.469185,100.1575,108.703514,111.01665,126.09392,121.46406,118.95095,116.699905,105.65214,137.80888,117.33661,124.54478,113.60311,141.44849,141.17708,134.38551,131.91997,65.3688,69.49841,75.68333
hemi-L_div-Vis_lab-4,22.916956,25.109753,38.107502,0.0,36.694595,23.850756,28.197859,42.153805,36.663155,18.997562,40.278923,29.574759,40.393097,39.38238,74.79036,62.73604,57.53244,78.789825,66.65866,83.35473,86.34914,75.17823,83.17785,81.97064,74.06189,86.649124,80.25942,93.11906,80.592636,81.89901,43.29289,49.347103,47.364437,76.82627,69.21994,60.511864,60.538017,67.83508,63.33136,75.3789,88.37151,99.243935,88.97124,60.071705,74.48302,70.97324,70.150406,91.095474,75.88834,88.176575,117.54655,89.969894,61.52664,94.93957,91.348564,104.10354,73.41349,64.969086,84.65279,83.38851,69.23414,59.811527,67.90195,58.391556,112.39581,120.831856,127.14784,114.287544,99.348404,93.78436,43.920166,50.07128,80.173225,89.1193,72.89206,77.95482,61.622643,57.082882,47.355724,49.611282,59.86985,57.467583,91.815956,103.09593,104.40285,130.21432,99.991066,112.3967,128.18411,101.636955,124.21649,111.6086,106.45391,107.52965,108.23728,24.50646,35.996475,56.789764,49.652313,42.352154,62.01529,51.224182,41.590286,25.755173,59.71541,34.99994,35.02738,50.19228,26.626642,35.865387,56.441677,47.21666,38.96956,55.095802,57.714794,81.94067,86.76867,75.195465,71.44306,97.616165,89.04597,98.55453,72.14493,94.76194,95.92049,81.419945,90.424644,84.58375,93.89272,86.743416,98.21903,81.52552,85.923836,89.10255,63.94238,64.40317,94.67122,83.459335,81.06133,63.753872,73.85647,73.340515,69.97391,84.03993,95.87391,103.45304,102.43853,72.248535,78.79513,87.936485,103.716484,89.461494,85.39865,102.116516,91.92828,90.598656,64.59963,101.61562,109.52131,98.61567,134.12335,92.05259,85.26498,71.45218,88.916534,86.115875,71.28441,77.89917,98.54926,122.541954,131.70515,125.15146,110.094376,126.06272,119.60507,110.88377,48.94718,57.381477,80.70136,104.3103,111.78991,66.730095,74.93765,79.27069,101.70029,91.14684,89.38766,83.58391,72.39974,113.33163,104.58868,110.95808,99.16069,128.59416,126.02722,114.757324,113.19505,34.37658,44.655933,53.608673
hemi-L_div-Vis_lab-5,44.01649,23.910486,33.82798,36.694595,0.0,53.94198,26.491129,40.889862,23.68037,38.927856,31.141819,45.85488,47.066467,39.874046,94.49118,79.117165,80.45188,98.005775,83.773865,101.99167,107.03015,103.97851,99.62951,101.49049,90.39027,108.14666,99.13152,117.56725,104.60311,103.72065,51.85677,48.634735,57.89071,92.66457,86.95196,76.7559,71.86744,80.71953,81.904884,92.33619,112.72393,125.427895,111.54034,71.52442,88.46453,81.714676,93.15576,117.29056,100.23258,109.82036,145.34505,120.31127,86.77995,122.56525,117.62154,132.6131,94.0745,79.880875,107.87185,105.045494,78.51575,70.61891,82.53222,63.29457,138.26848,145.67416,154.95392,139.78647,123.739105,117.18223,58.825527,80.58763,111.6064,107.943405,84.67221,94.704346,73.241714,66.00177,54.57587,50.089046,66.123405,63.03276,116.585205,132.99913,127.84113,159.1303,122.55759,142.95424,158.54364,132.66808,154.11737,142.38324,131.14441,135.25859,136.82225,51.394753,61.629536,85.82234,71.903824,65.126205,90.355095,81.81484,62.82883,52.102158,79.871,41.105064,67.03067,59.24529,47.558746,64.11899,74.68459,58.713894,59.08991,69.05358,77.89231,114.389915,117.53972,108.66671,103.57915,130.64018,121.58009,131.19286,103.38456,124.89601,127.64485,111.38408,120.098366,110.90591,123.077934,113.85118,127.79749,105.99273,112.731895,115.82659,88.75143,89.49371,126.200554,112.09957,110.82963,81.45034,100.37761,95.26343,91.43107,107.39509,127.66874,135.1392,136.08977,100.386604,107.96413,118.6463,136.69945,121.78621,118.2114,135.74881,125.44648,122.40378,92.83029,131.24382,140.12126,130.45197,165.51082,121.39442,113.77224,100.950775,117.60363,113.80288,94.211555,104.71362,131.49474,154.92274,164.56392,158.75522,143.92813,159.44174,153.27388,143.7568,70.0286,88.93208,112.92754,136.6071,142.92769,88.81794,102.07106,103.589935,132.46707,120.92786,121.16258,113.316444,102.955666,146.67319,135.22208,142.80603,131.4598,160.50435,158.29492,147.86427,145.57732,64.25235,72.783775,76.50916
hemi-L_div-Vis_lab-6,16.922497,37.377876,41.035397,23.850756,53.94198,0.0,49.498245,44.3709,54.546234,28.998028,50.310047,38.08373,54.264477,51.608837,54.82064,46.40256,38.728165,59.373886,50.27463,65.93453,70.06388,60.084557,71.86591,69.65119,68.11662,74.28041,72.594055,79.7397,72.06672,72.713,35.562706,46.43446,50.5328,63.66753,58.365555,54.26384,64.46113,66.187584,63.226257,72.46515,72.004135,82.73288,69.13963,48.995167,60.34992,60.979668,48.975353,68.81493,54.520813,67.34736,96.044014,71.57744,51.897034,80.77176,69.81354,82.94466,55.75298,49.36484,64.87135,62.55768,63.284447,58.540726,59.014004,48.92209,90.276535,98.57854,104.80359,92.24459,78.37437,75.13371,50.208588,36.420624,61.077766,69.94731,57.387035,59.202133,47.3857,46.468853,42.99019,55.34451,54.225506,56.809296,69.89697,81.646774,82.43983,108.30774,78.47807,90.76419,106.59903,80.7778,103.903435,92.07831,87.343834,88.05918,91.29242,21.88749,34.381203,44.952724,47.757084,25.166033,58.25832,45.453575,51.266838,34.768627,69.07546,54.966373,31.900877,67.39342,40.53365,40.892204,68.27505,62.709946,48.801235,66.28015,66.36487,73.56663,81.94482,64.3842,64.94211,87.29584,80.650795,89.29711,58.74223,88.78877,86.99063,68.253006,83.68988,81.515015,86.01039,81.83325,87.4608,76.48911,76.72035,82.5512,67.204506,69.339806,88.002205,80.47719,76.0969,69.62031,72.97038,75.75515,69.4741,82.22447,84.55313,89.87038,89.663795,72.70881,77.457405,83.39141,92.45798,76.060356,74.069214,85.533875,78.38974,73.405594,57.48943,87.55892,89.98302,81.62719,113.77922,77.99899,77.08398,59.40975,87.19359,84.7675,75.21057,78.1412,82.11611,104.653885,112.56327,108.019875,95.279495,107.67532,103.64483,97.61174,55.342808,44.689827,62.67378,84.638016,94.44966,73.90318,76.33844,82.47415,88.92557,84.28553,80.05167,79.677,68.48991,98.453674,84.175735,90.32367,78.79032,108.0166,107.260796,98.048904,97.05276,35.155884,41.655106,54.25696
hemi-L_div-Vis_lab-7,45.13701,29.891562,47.922745,28.197859,26.491129,49.498245,0.0,50.90004,24.196959,29.05644,40.134407,35.771862,34.174133,35.733185,99.19142,84.63288,81.18588,102.43927,88.21747,105.02921,106.892105,95.42657,99.3295,99.13868,85.77868,103.7145,93.271774,110.958115,94.68866,96.344154,61.722424,62.043087,53.39141,94.99786,85.79706,73.787964,63.391785,75.80161,70.55256,84.09538,108.96564,119.76717,112.5562,77.81729,93.765396,86.79377,95.529884,117.04466,101.04913,112.81179,142.5622,112.622475,77.876,113.64415,117.259155,129.7718,97.11499,87.27748,109.54342,108.67652,81.34116,68.2379,82.86218,75.94251,138.51189,146.87502,153.19019,139.85094,123.85786,116.21723,47.68326,71.17758,103.72859,113.3235,94.454926,101.58074,82.27857,75.072296,61.051094,52.078125,72.86166,65.693565,117.79207,128.85542,130.21524,156.15921,125.176216,138.0234,153.5749,126.42706,148.18643,135.04132,129.14537,130.66116,129.15834,42.902218,50.045986,75.74873,60.68165,66.8746,75.95832,67.952065,44.609528,35.398987,59.375412,22.166937,52.202194,38.880295,28.496492,45.47817,52.65882,38.01737,40.727222,50.52336,56.998203,97.860176,99.129974,93.26799,86.03807,114.45403,104.42622,114.03997,91.507744,106.81184,110.79145,100.02668,103.17733,93.77881,107.39019,97.61255,114.08526,92.46077,100.60342,101.24865,70.51667,68.48611,107.824295,93.224976,92.87981,64.635544,81.93887,77.47577,77.17003,91.63556,112.70552,121.93618,121.07587,80.385185,88.06045,99.54622,120.62797,109.54952,103.84181,124.12255,111.744934,112.44535,79.033905,120.24059,134.04875,121.31988,158.94295,112.835884,101.42875,91.479095,97.41391,94.0449,74.320885,86.198715,120.692764,145.55722,155.44632,147.24033,130.20065,148.92184,140.35336,129.22713,52.170303,77.28911,103.55202,128.20767,133.28947,67.10771,81.323494,82.74925,121.07776,105.64717,106.04684,95.48822,84.99231,133.84294,129.70264,135.94397,123.82428,153.26746,148.88116,136.0397,133.82104,47.870533,58.41761,61.785507
hemi-L_div-Vis_lab-8,36.328793,35.300842,21.789507,42.153805,40.889862,44.3709,50.90004,0.0,38.42494,38.528053,20.870998,38.996742,49.110596,34.638893,67.06848,47.239628,51.223244,66.667946,49.617737,66.86582,72.226974,79.79528,64.31837,68.12184,61.18105,76.603424,70.28938,88.244804,81.076614,76.23955,38.734562,21.100826,37.496666,55.863758,53.272728,46.697628,55.19264,54.727936,65.00109,68.9282,81.123764,95.4418,78.8755,34.960567,51.389835,43.586754,68.68198,91.88803,72.15603,79.75078,117.06805,95.93367,63.971558,96.66729,99.84846,116.72681,83.30259,64.7001,93.88169,83.853676,42.495926,42.98305,47.69378,39.880726,116.48985,120.813576,130.10246,111.31186,92.59338,83.9853,48.530033,62.318325,89.86153,89.83234,62.804283,69.18565,44.421295,32.3311,19.273117,27.634184,28.145786,31.156715,94.93574,115.68049,102.79086,138.47775,93.455666,122.16709,135.19308,109.89499,127.548164,117.73352,98.63988,105.86565,109.51753,40.575626,49.428303,66.126015,55.68278,53.134796,98.98836,86.61064,80.06309,62.736904,97.73848,65.54538,69.39874,83.41167,57.490917,70.22625,90.579185,71.702545,61.720894,72.37513,83.896,113.965034,120.760605,103.38859,101.73418,127.61607,119.73603,125.62527,85.379585,117.54228,117.989365,90.82576,109.44504,100.73139,109.1207,101.37578,109.621925,88.66379,92.17563,99.584,102.86914,99.97715,122.442024,107.16955,103.98309,76.60199,94.71531,89.21533,77.976616,94.88989,113.57181,117.19353,128.4417,107.547005,112.34389,118.1497,126.92373,119.1331,116.29803,125.68363,119.58635,101.50259,77.82649,108.5691,128.26862,123.23077,149.7488,120.32563,119.72714,102.243774,117.95033,111.27217,93.85474,116.003174,123.73419,144.83559,149.86087,146.87787,132.55739,142.62785,138.44345,129.68706,68.32931,73.01654,93.38419,116.17416,119.81101,96.94193,105.95485,105.49827,132.1018,126.58061,122.47019,119.61692,107.49043,139.6779,121.016335,125.44388,112.697845,140.37509,136.85544,130.1395,126.07507,63.234013,63.142452,66.09088
hemi-L_div-Vis_lab-9,47.80667,31.55105,40.158447,36.663155,23.68037,54.546234,24.196959,38.42494,0.0,32.54655,24.90652,33.511158,30.966858,24.103342,97.16555,79.2903,78.51348,98.53342,82.0589,98.75742,100.6947,95.62282,90.2628,91.93725,77.275375,97.76192,86.19969,107.12036,91.93307,91.251144,60.092495,52.010193,43.678627,86.1611,77.80376,65.37693,55.130527,66.06578,66.54735,77.22224,105.001564,117.084785,108.81778,68.61236,85.08062,75.778046,95.68592,118.18442,100.03238,110.34566,142.86221,114.27012,76.026184,112.628235,122.00619,136.32341,102.53227,88.448364,114.82523,110.245766,69.00617,57.321877,73.16347,69.97794,141.70929,148.39731,155.59908,139.60101,121.60224,112.04592,43.555626,73.79368,106.96939,115.389366,92.0376,99.52934,76.81364,66.67601,50.269585,37.34199,60.37616,52.2908,120.32699,135.10756,130.99202,161.00304,123.64473,142.87973,157.2678,129.96225,149.639,137.342,125.772934,129.66075,128.6729,45.014984,51.4121,77.069244,58.934864,70.76803,92.5904,82.884636,62.72347,50.47312,77.21558,38.21646,65.087135,55.46138,40.273556,58.719147,67.7507,46.490765,46.76741,53.47779,66.016525,111.3888,113.743706,104.490555,98.01578,127.25899,117.23109,124.91802,95.145226,114.803055,118.73089,102.0338,109.13265,97.71392,111.581474,101.01633,116.8534,92.087906,100.55182,102.81281,88.5147,83.76226,118.75646,101.29383,100.639595,65.467224,88.08057,80.535934,76.3717,92.6487,118.65583,126.3692,131.9266,95.42841,102.02728,111.68367,129.63258,122.79106,117.2066,134.40031,123.571915,116.02146,81.64927,121.54378,143.17014,132.6469,166.81532,126.17221,117.53282,105.3474,108.67082,102.88796,81.16141,103.58107,131.964,156.12231,164.00792,157.0308,139.5303,156.17004,148.07986,136.29376,56.464794,81.56685,107.929085,133.08589,135.8838,78.82147,93.534485,91.97375,135.29568,121.91048,120.74518,111.49431,100.024506,145.6494,137.61557,142.7238,129.65619,158.86432,153.32785,142.06345,138.44771,57.172836,62.717308,62.819206
hemi-L_div-Vis_lab-10,29.319662,30.642378,39.943413,18.997562,38.927856,28.998028,29.05644,38.528053,32.54655,0.0,35.468224,19.980944,30.548254,29.988104,77.29219,62.449516,56.729465,79.31123,64.93959,80.74985,81.754395,70.65854,75.949005,74.97047,64.46045,79.42747,71.08414,86.41692,72.41361,73.40109,49.152096,49.243217,36.84523,71.40515,62.132572,51.728077,48.995052,57.15297,52.84114,64.87075,83.4357,94.321815,87.483765,56.64059,71.056244,65.38222,73.381134,93.48181,76.903244,89.18,117.429695,87.70108,54.45666,89.261185,97.08416,109.82568,81.93368,72.0463,92.130775,88.62759,61.271984,49.770004,60.33844,61.521957,116.881,124.33336,129.61487,115.48982,98.709885,90.60262,32.94904,46.887066,79.30897,95.68723,77.846,81.69238,63.394627,56.104782,42.61621,40.461105,54.063923,48.792847,96.43573,107.72222,108.00711,134.1108,101.62267,115.14177,129.77393,102.27415,123.095436,110.29901,103.40065,104.965,104.05673,20.720987,28.788565,51.8099,40.498966,49.6441,69.38301,57.87083,46.903587,30.373497,62.555435,36.50193,39.174965,51.17577,24.27422,36.24679,55.46164,41.195038,31.505558,45.91779,52.018673,84.65157,88.93451,76.61652,71.81799,99.87253,90.56175,98.23946,68.52849,90.94143,93.00558,76.68565,85.491234,77.50072,88.23885,79.84485,92.721245,72.99893,78.73603,81.73837,69.121185,64.802246,93.4374,78.94757,76.94545,53.886936,67.65498,64.82813,60.37493,75.31127,92.473816,99.9655,103.74383,73.43012,79.098755,87.232155,102.472275,95.1158,89.63228,105.38585,95.182655,88.57749,58.27044,96.71793,115.4532,104.61643,138.43091,100.21115,93.23431,79.89051,86.48416,81.70089,64.64474,82.32564,103.35069,127.48659,134.98006,127.93584,110.907616,127.20719,119.50973,108.973305,40.704086,54.37429,79.86111,104.72666,109.15789,63.15198,72.79288,74.26736,108.60464,97.11169,94.20745,87.455444,75.37418,117.06671,109.84724,114.218834,101.04993,130.4337,125.329025,113.8369,110.997574,32.315777,38.833576,44.727383
hemi-L_div-Vis_lab-11,42.20303,32.503777,27.668999,40.278923,31.141819,50.310047,40.134407,20.870998,24.90652,35.468224,0.0,34.54536,39.335022,24.72275,82.313705,62.784805,64.859184,82.36455,65.10536,81.81939,85.2467,87.844086,74.901596,78.18609,66.42305,85.63791,76.029396,96.74472,85.582756,82.202675,48.903778,34.164433,36.106903,69.042145,63.418858,53.236465,51.924816,56.804684,64.14117,70.652626,92.307335,105.801445,93.488594,50.21174,66.66344,57.09215,82.834175,105.85058,86.4762,95.07992,130.48979,105.77268,69.27886,104.477036,112.45098,128.43034,94.36302,77.10385,105.89847,97.91837,51.9661,45.977554,57.69401,53.845196,130.32004,135.45114,143.89102,125.90503,107.07869,97.40577,44.06277,68.57931,99.46685,103.47325,77.2809,84.475334,60.06742,48.361576,32.246864,25.152336,41.044956,36.564262,108.72271,127.25373,117.59874,151.3158,108.75725,134.09485,147.5382,121.16232,139.32431,128.4342,111.75775,117.87581,119.20102,42.47537,50.094204,71.77304,56.260426,62.97076,99.36739,87.88459,75.03035,59.263332,91.49365,55.421196,69.741486,73.42348,51.097103,67.07781,82.77374,61.624825,55.469963,63.88896,77.20476,115.8733,120.72819,106.6029,102.66152,130.58269,121.58005,127.989365,91.166565,118.18097,120.36891,96.95688,110.76514,100.14204,111.39289,101.978424,113.96752,90.07492,96.25265,101.50173,99.646164,95.39538,123.31011,106.20323,104.18223,71.11701,92.83496,85.55539,76.65255,93.88432,117.655815,123.00978,132.93059,104.97836,110.49527,117.86761,130.5941,124.14526,119.93397,132.69511,124.49463,109.84188,80.17619,115.49817,138.15685,130.78908,160.51654,126.41673,122.30393,106.92234,116.09493,109.2818,89.220695,113.77195,130.69441,153.25868,159.31158,154.57333,138.49118,151.45728,145.37949,134.88538,63.222813,78.237114,101.92319,126.13111,128.73775,90.787094,102.67978,101.0696,137.12291,128.04227,125.08624,119.28886,107.199646,145.67212,131.50366,136.05553,122.91014,151.3409,146.4916,137.81544,133.61882,61.907948,63.570377,64.303665
hemi-L_div-Vis_lab-12,39.86994,40.586723,46.497906,29.574759,45.85488,38.08373,35.771862,38.996742,33.511158,19.980944,34.54536,0.0,21.63146,21.851898,81.971016,64.78022,58.259983,81.66391,65.30693,79.18138,77.35465,65.97317,68.060196,67.253235,52.884975,71.14169,59.986076,78.57221,62.52342,63.17478,58.58264,53.082012,24.297623,66.44999,54.805683,41.97301,34.00208,43.859642,39.548985,51.590286,78.22486,88.768456,86.92014,55.483067,69.04737,60.71487,78.73273,97.15317,79.56889,91.6393,117.640114,85.512436,46.642014,82.6153,104.2919,116.72704,92.39119,81.65711,101.34002,95.75739,53.091095,37.943127,52.54533,68.02733,122.53736,128.87181,132.7388,117.45541,98.82398,87.7066,19.215883,45.151024,79.02888,104.18324,85.41237,87.687546,68.18277,58.286175,40.891514,31.39186,49.881317,40.00705,102.58684,113.37781,112.95854,138.74455,104.49908,118.565,131.70999,103.38079,121.853424,108.91389,100.319466,102.28757,99.19211,21.32483,22.666828,47.156643,29.775461,59.69378,78.37796,66.31744,55.161736,38.83182,67.889885,42.85786,46.024067,55.83573,27.881666,40.032574,57.202896,38.237404,26.18658,36.59922,47.513054,88.34691,92.054504,78.937065,73.17213,102.74316,92.77448,98.130005,64.949104,86.68709,89.79364,71.437965,79.84661,69.1911,81.55101,71.67377,86.14196,62.57828,70.11383,72.83151,76.26529,67.07452,92.37627,74.1881,72.61642,42.261963,60.94782,54.965115,48.580032,64.672035,88.60287,95.85868,105.40573,76.02302,80.43347,87.02526,101.129845,101.804245,94.87361,109.28864,99.20717,86.57002,51.307846,90.90181,122.37142,111.60882,143.33464,109.57249,102.502106,89.696144,84.31479,77.09346,57.789894,88.28973,109.00614,133.11275,138.6505,131.05162,111.88925,128.43776,119.31181,106.6978,32.47518,52.21825,79.51433,105.43386,106.07276,60.862637,71.50873,69.37649,116.544075,104.25093,100.06412,92.54891,79.69513,121.3704,116.1024,118.143166,103.55644,132.54863,124.41729,112.72395,108.36784,33.33398,33.921894,34.4786
hemi-L_div-Vis_lab-13,54.593407,48.34923,56.988262,40.393097,47.066467,54.264477,34.174133,49.110596,30.966858,30.548254,39.335022,21.63146,0.0,21.920355,98.65823,80.694984,74.86218,97.91798,80.885864,94.072876,91.039925,78.69996,78.844025,78.50477,60.187572,81.74588,67.66859,89.09359,70.38244,71.61185,72.484024,64.8915,30.752588,79.37282,66.68315,52.150677,33.68345,48.505047,42.720158,55.598785,91.29994,101.107445,102.51549,69.47213,83.111984,72.80285,95.68586,113.88929,96.284035,108.07372,133.08112,99.30433,57.647987,93.375725,120.96945,132.95177,108.24774,97.26644,117.72745,112.599495,62.44379,44.394653,63.691917,81.930916,139.30542,145.61784,148.99203,133.70723,114.62588,102.18212,22.838871,59.84218,93.640724,120.62548,100.97007,104.07137,83.49046,72.537674,53.556984,35.260654,61.15181,47.571712,119.49331,129.45204,129.83014,154.89026,121.04187,134.3113,147.09157,118.49119,136.06244,122.793205,114.47007,116.36012,111.29837,37.354317,35.275238,60.11157,38.113895,75.66392,87.329994,76.71677,58.848404,46.158928,68.56994,39.798157,56.849827,51.495335,31.235527,46.643948,54.933712,31.401714,27.24093,30.129848,45.282864,97.456856,98.8119,89.39924,81.363914,112.14585,101.245476,106.258804,76.709816,92.05907,97.24796,82.37392,85.746605,72.454796,87.900215,76.17913,94.21904,67.467354,77.886055,78.27886,80.90362,69.148415,98.87317,78.21343,78.21377,39.39586,63.910557,54.571617,50.91228,66.570366,97.47489,105.80911,115.80798,80.367256,85.09566,92.75061,110.01929,113.90557,105.744,122.24453,110.76592,99.53224,59.88465,101.15204,137.58003,125.48016,158.42128,122.673645,112.78509,102.27917,87.68582,79.75269,57.07215,93.39555,122.28606,146.9598,152.70181,143.84172,123.16595,141.59262,130.8298,116.43765,33.213924,65.15228,93.48583,119.67906,118.31501,59.49439,73.987656,69.11417,128.45715,113.070404,109.896164,99.439224,86.9622,133.29906,131.66537,133.31781,118.49386,147.24265,137.50143,124.666504,119.80351,42.813854,43.830017,39.073338
hemi-L_div-Vis_lab-14,48.644817,41.433144,44.483837,39.38238,39.874046,51.608837,35.733185,34.638893,24.103342,29.988104,24.72275,21.851898,21.920355,0.0,90.79205,71.18674,68.43953,89.754364,71.756516,86.228,85.317726,80.17789,72.7409,74.25373,57.60468,79.50968,66.58467,89.0124,73.44448,72.09644,62.753498,51.00255,24.960432,71.12626,60.77035,47.110672,35.518814,45.914463,47.827213,57.150276,88.66862,100.32897,96.54667,58.21437,73.09253,62.084503,89.48999,109.69704,90.74398,101.21823,130.67874,100.3545,59.21021,95.47527,117.635666,131.51779,103.29008,89.25182,113.43212,106.365364,52.61088,38.23042,56.16785,69.82114,135.50403,141.00343,146.3512,129.35345,109.68159,97.54456,27.111048,61.488827,94.81745,113.828636,90.98131,95.306816,72.56558,60.37654,40.71367,22.680403,48.370308,36.3769,114.813965,128.73718,124.25865,153.44688,114.76925,133.9667,146.74266,118.75983,136.10393,123.87048,110.91309,114.978645,112.431114,36.551525,38.630524,62.631187,42.211136,70.34199,94.17228,82.71889,67.26091,52.312992,80.13284,47.02059,62.82351,62.17569,39.6324,55.924744,68.15334,44.477448,38.72519,43.720627,59.19091,106.2914,109.37788,97.14049,90.98682,120.86811,110.719734,115.85927,81.28618,102.81499,106.68927,86.61142,95.4997,82.893555,96.53064,85.61683,100.89607,74.43308,83.131874,86.08408,90.77579,81.69037,109.62716,89.83304,88.84716,51.154243,75.51634,66.424904,59.164646,76.08457,105.16515,111.90347,123.52829,92.14618,96.98359,104.08656,118.67834,119.475685,112.85401,127.2086,117.348,102.593765,66.57114,105.241295,138.63586,128.76933,159.79623,125.86122,118.757164,105.76611,100.2588,92.26197,70.45642,103.92624,126.71302,150.52397,155.89285,148.87453,129.80965,145.641,136.78372,123.75017,45.09293,69.19603,95.973785,121.7203,121.28581,73.620415,86.9454,82.89653,133.7432,121.22607,117.752365,109.465126,96.86649,139.43872,132.11417,134.54057,120.01017,148.72018,140.48242,129.6177,124.63616,50.579334,50.612667,47.561123
hemi-L_div-SomMot_lab-1,56.474186,77.92246,65.91703,74.79036,94.49118,54.82064,99.19142,67.06848,97.16555,77.29219,82.313705,81.971016,98.65823,90.79205,0.0,27.131517,29.79089,19.787504,30.17008,36.509792,51.18102,66.63677,65.10385,65.038155,80.08784,71.8566,82.024734,77.87147,86.67407,81.86339,49.370323,56.806503,81.25346,50.88394,59.823093,69.09504,95.34902,85.8718,92.987045,92.450905,60.3624,71.77632,36.100502,43.862495,40.45101,53.738304,19.469034,33.922462,23.21888,23.74668,64.43464,65.952545,71.084854,81.97666,44.154125,62.673424,45.104565,36.919388,44.206326,25.82002,67.575874,78.4277,62.194782,42.7885,53.552536,56.09252,69.16509,51.74789,42.054768,49.68852,89.582214,61.077717,59.69467,36.46766,30.448065,19.38472,29.87716,40.752907,57.108116,83.09293,58.957973,73.88759,34.396385,62.60289,38.06531,78.6996,32.434116,68.70568,80.79988,64.69029,81.86871,77.6696,60.137615,66.99195,81.93709,67.237175,74.4173,67.08404,80.619835,42.024975,97.32564,85.7,102.856224,87.32249,120.13936,107.7088,79.407135,120.902504,92.84579,91.5466,120.340576,113.57295,97.161705,112.51274,114.224556,104.05411,116.922195,91.8337,99.75675,111.10127,109.543434,114.00816,75.57908,117.29538,110.64442,80.27621,110.023346,112.094055,108.050026,108.94298,101.69328,100.26886,92.838104,104.75995,113.43096,117.152954,117.624985,114.87682,108.10129,109.906876,109.65908,113.41458,100.922325,111.64658,101.92377,99.040665,106.70886,116.00029,117.77468,117.73164,111.27795,94.08327,98.32458,92.34372,96.1905,75.05107,85.373665,91.49876,80.51566,86.33001,96.85377,90.15033,104.2447,82.57516,124.43071,121.29072,117.26491,120.273895,89.842445,101.60443,103.254234,108.211075,105.04862,101.86965,107.29696,108.98492,100.08777,69.1773,66.40509,75.71294,88.655685,121.70188,119.05993,124.68989,104.22005,114.34764,106.87147,116.2717,107.041565,108.051796,72.05273,76.63711,69.38976,90.51732,96.81235,98.58534,97.94541,83.18354,80.41099,91.49598
hemi-L_div-SomMot_lab-2,46.203136,64.5048,50.299885,62.73604,79.117165,46.40256,84.63288,47.239628,79.2903,62.449516,62.784805,64.78022,80.694984,71.18674,27.131517,0.0,22.262724,24.530285,17.41468,31.408339,43.8154,61.399593,50.427612,52.309063,62.744858,60.834526,66.84435,70.08898,75.23935,68.995926,41.67578,39.646885,61.294613,35.998306,43.32301,50.391327,76.101074,66.57245,76.55572,75.62986,55.069126,69.14014,39.46094,23.884794,25.367496,34.26648,31.545017,50.85504,32.212353,36.55317,76.81704,68.257996,58.943855,77.32194,63.84119,81.61676,58.723675,43.74976,62.54448,46.21951,46.88034,57.98967,43.496227,33.405994,75.2977,77.38287,87.83188,68.057175,51.353317,49.370094,71.6512,53.27524,63.030033,55.62314,36.026264,31.603231,21.618013,23.476377,36.149807,61.66407,37.253357,52.12452,55.42705,80.212166,59.816536,98.41593,49.416416,84.829346,96.27546,75.40453,91.44414,85.099,63.09097,71.6666,82.43914,53.44777,60.15665,58.07346,65.20618,41.67282,98.35764,85.38029,95.817314,78.41257,113.30328,94.99143,73.93946,109.694595,80.09179,82.65069,110.31215,99.04059,82.948814,96.77751,101.97958,105.9115,117.166176,92.89657,97.736,115.089714,111.05957,115.01423,71.449646,113.03245,108.564575,75.707275,104.44598,102.583755,102.150764,100.18155,97.18342,88.690445,84.136604,95.803246,110.548676,110.66293,116.260704,108.1352,102.210785,94.52036,100.0361,100.547806,86.70376,99.66678,100.22389,98.88365,111.59494,112.14878,114.42161,115.45629,112.73045,102.35555,103.42818,102.00127,102.4986,77.25127,75.7407,89.18416,97.22706,98.99612,114.47259,101.71951,110.80728,89.871704,119.57287,114.302956,105.96737,119.29125,100.67302,116.25037,117.85837,119.78497,111.38786,112.707214,114.15661,111.3118,85.976135,63.280727,69.278625,84.97752,92.508194,111.82619,112.52023,115.38812,114.639595,119.14267,111.881714,117.21089,106.22743,117.901596,88.567,91.58256,80.80757,104.80412,105.61339,104.62033,101.73667,73.19158,69.04388,77.357994
hemi-L_div-SomMot_lab-3,43.54551,64.85698,55.320736,57.53244,80.45188,38.728165,81.18588,51.223244,78.51348,56.729465,64.859184,58.259983,74.86218,68.43953,29.79089,22.262724,0.0,26.989523,19.813772,30.405958,36.908913,45.221592,45.50927,44.114697,54.768562,50.530952,57.12833,57.437614,61.718983,57.19048,46.560684,48.161285,56.162624,33.950977,36.41406,43.407978,68.83567,59.929474,65.7721,65.95283,43.411976,56.34406,33.52815,29.308949,29.98531,37.53764,27.902533,43.599827,24.159761,35.23193,67.59159,52.511257,44.989502,62.44232,58.14653,73.59259,57.87755,48.415512,59.927162,46.28488,46.7968,53.459743,39.462963,44.72174,70.77141,74.247986,80.79144,62.671913,44.780327,40.87346,63.742046,37.779766,46.620815,58.423122,46.06794,38.898903,32.395008,33.233597,39.39696,61.2908,41.680782,52.002777,51.48221,70.259796,58.000767,90.52567,47.800026,73.7386,85.601906,61.776634,79.293175,71.02934,54.38774,59.703503,68.35836,44.886433,49.09614,42.53461,53.730534,38.798622,86.72813,73.43582,86.4293,69.44775,102.24356,89.11947,62.11196,101.74066,71.63713,71.12155,99.32469,90.327156,72.95994,86.94142,89.97231,90.32862,101.688576,76.65178,81.79348,98.889626,94.7932,98.02899,54.393074,96.18303,91.31825,59.1273,87.73364,87.10656,85.606964,84.43434,80.677345,74.384995,68.898895,80.30264,98.71768,97.44899,99.39837,92.01795,85.79625,83.14026,84.92725,87.08605,73.938774,85.46693,82.95299,81.93226,94.978806,97.73131,99.16168,99.14716,95.426765,88.48269,88.4758,86.826515,86.87379,60.62674,60.31542,73.21169,86.7267,86.43726,103.53208,91.0286,99.154274,79.04959,103.502266,98.37934,92.16368,106.024216,86.60593,103.43775,104.622246,104.945816,94.84281,97.78227,97.73907,94.18294,74.58373,46.916714,52.582924,70.05463,77.09905,98.746475,97.593605,100.792984,102.054245,105.60304,97.35053,102.76078,91.60038,102.88863,77.89639,79.081024,66.53471,92.26126,90.98225,88.34315,85.34175,61.115574,55.643227,64.977585
